-0.00390275270
-0.00195710306
-0.00328808103
0.00709297913
0.00000000000
-0.00948627904
0.00806113826
-0.00275045133
-0.00525744022
-0.01772715094
0.01121003386
-0.01224031890
0.01550418654
0.00000000000
0.00453032087
-0.00849114605
-0.01976937675
0.00131197745
-0.00405080475
0.00454235286
0.00842785621
-0.05749926556
-0.00315919732
0.00292977375
0.00068811288
-0.01548179498
-0.00192302148
0.00570000962
-0.00745142579
-0.01750656246
0.00000000000
-0.00992000486
0.01033616372
0.00249332275
-0.02024384878
-0.01739386564
0.00338035416
-0.00042959281
0.01547113329
0.01344800239
0.00345279543
0.00000000000
-0.00973403524
0.00245737185
0.00757376075
-0.01725833823
0.00692711260
0.02577691382
-0.00287061915
0.00363083088
0.00745446350
0.00641973229
0.00683694600
-0.01633655404
-0.00970824632
-0.00447638867
-0.00248241749
-0.01502532441
0.00897081550
0.00522566510
0.01528183025
-0.01392052082
-0.00682515484
0.00451575337
-0.00725891210
-0.01274055695
-0.00448567158
-0.00774559418
0.00817077716
0.00036429873
-0.00303988561
0.00212888983
-0.00255521220
-0.01034819264
0.00705329674
0.00134367577
-0.00219968316
-0.00675139126
-0.00456762722
-0.00645483870
0.00155545217
0.00180129866
-0.01677135681
0.00817049357
-0.00062613489
0.00062613489
-0.00703520490
0.00320966952
-0.00428185277
-0.00170524562
0.00031600569
-0.02534211257
-0.00565468992
0.01327352843
0.01411487588
0.00915381538
0.00194619768
-0.05511658138
-0.00371821689
-0.00493465925
0.01163074288
0.00389092719
-0.03006640159
0.00345329930
0.00418213088
0.01257541656
0.01451787410
-0.01047129987
-0.02636232754
0.02444058810
-0.00518721653
0.01008367308
0.00428125139
0.07353506501
0.00438704091
-0.00671020635
-0.01175940902
0.00129970620
-0.00167136131
-0.00080572690
0.02134788468
0.00036409977
-0.01627046719
0.08801810572
-0.00844987589
-0.00034176350
0.00590742985
0.03680646728
0.00267124753
-0.05155694550
-0.00569114238
-0.02085471981
-0.00620001396
0.01434896716
0.00640207052
-0.02004051601
0.00772386730
-0.00370708595
-0.00035377359
-0.00147540527
-0.00711240552
0.00616700247
-0.01512924206
-0.01329164082
0.00242983961
0.00187907314
-0.00006056018
-0.00151519772
0.00899683030
0.01479740604
-0.01696373256
-0.00561816200
-0.03897599844
-0.00600185015
0.00663153344
-0.03823919827
-0.00926449676
-0.01195312724
-0.01142178501
-0.00501288138
0.00000000000
-0.00122315862
0.02125878916
-0.05937315867
-0.00014128285
0.00921211817
0.00244695476
-0.00223698101
-0.01324429363
-0.02056314619
-0.01678994110
-0.00546247760
0.00715421424
-0.00915473356
0.00000000000
-0.00163301699
0.01504120372
0.00445402511
-0.01897534319
-0.00170921158
0.01322565364
-0.00736705851
-0.00921117789
-0.00283984945
0.00298909205
-0.00067176715
-0.01663881789
0.00567774719
-0.01230457572
0.02699198849
-0.00679233811
0.00000000000
0.00000000000
0.00351389095
0.00171507443
-0.01259575807
-0.02289477291
-0.00673872656
0.00472960758
0.00393716493
-0.02102226281
-0.01418463499
-0.00151751157
-0.00818624154
0.00370013292
0.00000000000
0.00704059233
0.01109977304
-0.00505889941
0.00055456527
-0.00906999614
-0.00031974421
-0.01847795342
0.00819178108
0.01697942442
-0.00829350846
0.00152030435
-0.00956022546
0.00209660588
0.02198941373
0.00275428071
-0.00844419649
0.00458607588
-0.00784069276
0.00665665347
-0.01736818674
0.01023435814
0.00460318273
-0.01002714115
-0.01198871824
0.00798166047
-0.00184865222
0.00817246757
0.00262979791
-0.00526652989
0.00000000000
0.00987190566
-0.00245885510
-0.00901446015
-0.00861137670
0.00193798510
0.01521124518
-0.00573706753
-0.00770098463
0.00377768403
-0.01438292409
0.03124753507
0.00582037194
0.00633235122
-0.01018258974
0.00062962382
-0.00678932110
-0.00739418992
0.01221461887
0.01323485390
-0.00389742484
0.01803384657
-0.01320329569
-0.00866482140
0.00920874308
0.00750690365
0.02407185091
-0.01784609006
0.01226074834
-0.00576895482
-0.00564930123
-0.01031174970
-0.00054160704
-0.02285813808
-0.00555821663
-0.02368786233
-0.03147257690
-0.02220517454
0.01714400811
-0.01379449667
0.00000000000
0.00282546530
-0.00738010730
0.00609679446
-0.01466049024
-0.00121696816
0.00277946848
0.05122823893
-0.03667595216
0.01350052346
-0.02996286463
0.00008689985
0.01355045978
0.01260771449
0.01495574843
0.00000000000
-0.01182850082
0.01856085388
0.01618703434
-0.03669070254
0.04173136362
-0.05415282671
-0.00068510750
0.00162636458
0.00460790985
0.01100679980
0.00470430975
-0.01937864746
-0.00128254474
0.02342304691
0.01369600160
-0.01679314549
0.01158587663
-0.01091541063
0.00884149558
0.00389540918
0.00272603531
0.01360119288
-0.01955851647
-0.00157800789
0.00356772832
-0.00798274653
0.00649082748
0.00016587874
-0.01985072930
0.02679290594
-0.01226399196
-0.00409374397
-0.01637443743
0.02055155294
0.00016672224
-0.01393341326
-0.00211532845
-0.02382901812
-0.02378870132
0.04430884611
0.05078326377
-0.00933258955
-0.02242653146
-0.00744866816
-0.02552461183
-0.00674451324
-0.00269319480
-0.01587126129
0.01055047592
0.01173773420
-0.00320332727
0.03610746465
-0.01381190897
0.00490653213
0.00471460715
-0.00151298676
-0.01303887747
-0.02791280805
0.02526741674
0.00230444347
-0.03029223397
-0.00926954331
0.01566381903
0.00826055739
-0.00373053831
-0.04252560332
-0.00737338919
-0.00356963447
-0.02610338169
-0.01440919802
-0.02631476209
0.04569979538
0.00969252695
0.02446184910
0.01124972491
0.00837719898
-0.01917449660
0.00424284094
-0.00923083478
-0.00400838653
-0.01147591203
0.02065320601
-0.00735330806
-0.02790277103
0.00411407780
-0.00102693376
0.00790812141
-0.00585530740
-0.00392267244
-0.00159213333
-0.00441501821
-0.00103612311
-0.00775784402
0.00964090643
0.00225500424
0.02117267316
-0.02615927615
0.00263752979
0.00852424252
0.00493138938
-0.01439680844
-0.02382199357
0.00336943760
-0.01053098955
0.00252206943
-0.01012666882
0.00146692120
-0.00117336476
0.00565855168
-0.00948152355
0.00460536799
-0.01180070730
0.00019782394
-0.01163902719
-0.02082776734
0.00091907078
-0.00747915991
0.00829540319
-0.00142886328
-0.00902848033
0.00092711827
-0.01180749088
-0.00166840498
0.00831432767
-0.01459575536
-0.00136619222
-0.00802453889
-0.01937443530
-0.02318056997
-0.00476798597
0.00399334973
-0.00155107498
-0.01451890592
0.00616835915
0.03190940767
-0.00750044279
-0.01218523228
0.00176561511
0.00374161326
-0.01728383376
-0.00145389502
0.01312004588
-0.00187959589
-0.00033206044
0.00585022917
0.00800223508
-0.00954425544
-0.03214702535
0.00635427078
0.00338753711
0.01310282478
0.00377568466
-0.00099805941
-0.00556298720
-0.02108426940
-0.01146013001
0.00734959670
-0.00827210599
0.00402971013
-0.01027900718
0.00682596507
-0.00253983050
0.00438293666
-0.01099357250
0.00510678919
0.00312084863
0.00632731475
-0.01083833970
-0.02452742800
-0.00607759721
0.01424187376
-0.00911518593
0.01205688364
0.02860812388
-0.00538097354
0.00137662061
0.00217578099
0.00274160556
-0.00836249790
0.02454389764
-0.00709662229
0.00653523453
0.01172346370
0.00033294490
0.02162424417
0.02318446659
-0.01895842140
-0.01306069937
-0.00142520443
0.02288479026
-0.01186509443
-0.00926588632
-0.00626203639
0.00582387229
0.00349994889
0.01796196311
0.00428037037
0.02894177273
-0.02372316564
0.01434321151
-0.00094285272
-0.00062906272
0.00929073962
0.00414766252
0.00113759772
-0.00965890045
-0.00219401436
0.00125431186
0.01513609656
-0.01065435473
0.01762659665
0.00122536521
0.00203894453
-0.03071437341
0.02519965356
-0.03152078712
0.03162318843
-0.00276852266
-0.01302209390
-0.00031212610
-0.00104112451
-0.00250313022
-0.01388034903
-0.01343160583
0.00663174962
0.01534015799
0.00753062862
0.00571459813
-0.00373676997
-0.00302036370
0.00913722482
-0.00997203652
0.00955851433
-0.02311697523
0.01293189446
0.01132185555
-0.00320695459
0.01082094343
-0.03600326248
0.02248466230
-0.02227216761
0.00318201372
-0.00265097446
-0.00159396453
-0.00490406100
0.00138836996
-0.00728366545
0.00471901348
-0.00697914466
0.01793961619
-0.00722254866
-0.00641644806
0.00332030509
0.00437450684
-0.01631462611
-0.00140776459
0.00021670820
-0.01914195718
0.01479884503
0.03779674843
-0.00915747676
0.01656917101
0.01445559503
-0.00092302965
0.00020519134
-0.01010422041
-0.01387824226
-0.02371064243
0.00611425879
-0.00482393603
-0.00614391585
0.03034891921
-0.01447386738
-0.06836976643
0.06805046463
0.01751653946
0.00177666348
0.01307072550
-0.00464852859
-0.00321493666
0.00930527806
0.00870951763
-0.00408914902
0.00561827925
0.00000000000
-0.00040753949
-0.00030576365
-0.00870238407
-0.01127151171
-0.00469068458
0.00031339776
0.00541667991
0.00940915798
-0.01639380978
0.00302919749
-0.00585775734
-0.00737078203
-0.01254935112
-0.00611885329
-0.00583155000
-0.00065005419
-0.03428655307
0.01458579552
-0.01111493048
0.00612849431
0.00542847397
-0.04890618018
-0.01578703196
0.00247218915
-0.01432909827
-0.01175778392
0.01616124239
0.00485696625
0.00141709991
-0.01510045934
0.01297405570
-0.01034184552
-0.00839937743
-0.00664936259
-0.02518096568
-0.00199228057
0.00905769577
0.00061739830
0.00406529664
0.00331390300
0.00146932805
-0.01057820442
0.01399826394
0.00886196998
0.01844142790
-0.00571158145
-0.01285071429
0.00241458526
-0.00168959731
-0.01914575889
0.00784894881
0.01057182214
-0.04651425969
0.00605985947
-0.02188660974
-0.00956573995
0.00453574289
0.03842968605
-0.00937565465
0.00688406248
-0.00399950539
0.02327125687
0.00085611208
0.02772932337
-0.00142789172
0.00237868809
-0.00547946576
0.00381497840
0.00415603519
-0.00451307179
-0.03636323553
-0.00309081040
0.01352867762
0.02401901720
0.00984995800
-0.01080449810
-0.00239034415
0.06385023838
-0.08318151572
0.01284866161
-0.01590321832
-0.01578720504
0.01088042386
-0.01586547904
0.01746282533
0.01595551783
-0.01620109740
0.01620109740
-0.02372039323
0.00690508292
-0.00443350480
0.00566155358
-0.01110711160
-0.03613785525
0.00973119075
0.00508389504
0.00669659461
0.02659202416
0.00635621257
-0.00415141011
-0.01566096501
-0.01907209629
0.03851886297
-0.02156185301
-0.00511957165
-0.01057145511
0.01307208157
-0.02670199769
-0.00115495682
0.03097396968
-0.00099638818
-0.01342302033
-0.05170549829
0.01426143279
-0.01865997370
0.03440013606
-0.00271405659
0.01706591749
-0.01810178447
0.00000000000
0.00025906736
0.01082066464
-0.01966682614
-0.00879328456
0.00578340203
0.01998249959
-0.01175952041
-0.02327674293
-0.01002883314
0.00214794015
0.00200951236
0.00547215246
0.03157398586
-0.00206558297
-0.00271756880
0.00607197783
0.01330623522
0.03004732806
0.01614911533
-0.00706372441
-0.00945546432
-0.01116636913
-0.01318700428
-0.02612853558
-0.00925630753
-0.01093050983
0.00791352059
0.00170637306
-0.01879854140
0.00466636404
-0.01866201707
-0.02789600332
0.01039726563
-0.01165223338
0.01619300485
-0.00647340598
0.02591525280
-0.01533168896
0.00054674687
-0.00795723776
0.04181323861
-0.00105736198
-0.00013224889
0.00000000000
-0.00384284578
-0.05358790027
-0.02740675620
0.01330016030
0.01354613630
-0.01397242405
-0.00384478936
0.02493965117
0.00250173862
0.01938338231
-0.00218072868
0.00815332686
-0.02730123607
0.00748236829
0.06104678884
0.02753936447
-0.00621001932
0.00507229086
0.01630948208
0.00323021774